01100011011010000111010101101010
0110001101101000011101010110101001100001
011000110110100001110101011010100110010101101011
0110001101101000011101010110101001110101
011000110110100001110101011010100110010101101101
01100011011010000111010101101010011011100110100101100001
01100011011010000111010101101010011011110111011101111001
01100011011010000111010101101010011011110111011101100001
01100011011010000111010101101010011011110111011101100101
01100011011010010111000001100001
0110001101101001011100001100010010011001
01100011011010010111000001100101
0110001101101001011100001100010010000101
0110001101101001011100000110100101100101
0110010001101111011010100110010101100010011000011100010010000111
01100100011011110110101001100101011000100110000101100011
01100100011011110110101001100101011000100110100101100101
0110010001101111011010100110010101100010011000011100010110000010
01100100011011110110101001100101011000100110000101101100
011001000110111101101010011001010110001001100001110001011000001001100001
0110010001101111011010100110010101100010011000010110110001100001
01100100011011110110101001100101011000100110000111000101100000100110010101101101
011001000110111101101010011001010110001001100001011011000110010101101101
01100100011011110110101001100101011000100110000111000101100000100110000101101101
011001000110111101101010011001010110001001100001011011000110000101101101
0110010001101111011010100110010101100010011010011100010010011001
01100100011011110110101001100101011000100110100101100101
0110010001101111011100000110100101100101011100000111001001111010011000011100010010000111
01100100011011110111000001101001011001010111000001110010011110100110000101100011
011001000110111101110000011010010110010101110010011001000110000101101100011000011100010010000111
0110010001101111011100000110100101100101011100100110010001100001011011000110000101100011
01100100011011110111000001101001011001010111001001100100011000010110110001100001
011001000110111101110000011010010110010101110010011001000110000101101100011000011100010110000010
0110010001101111011100000110100101100101011100100110010001100001011011000110000101101100
01100100011011110111000001101001011001010111001001100100011000010110110001100001110001011000001001100001
011001000110111101110000011010010110010101110010011001000110000101101100011000010110110001100001
01100100011011110111000001101001011001010111001001100100011011110110110001101001
011001000110111101110000011010010110010101110010011001000110111101101100011010011100010110000010
0110010001101111011100000110100101100101011100100110010001101111011011000110100101101100
0110010001101111011100000110100101100101011100100110010001101111011011001100010010011001
01100100011011110111000001101001011001010111001001100100011011110110110001100101
01100100011011110111000001101001011001010111001001100100011011110110110001101001
011001000110111101110000011010010110010101110010011001000110000101101100011000010110101011000100100001010110001101111001
0110010001101111011100000110100101100101011100100110010001100001011011000110000101101010011000010110001101111001
011001000110111101110000011010010110010101110010011001000110111101101100011010011100010010000111
0110010001101111011100000110100101100101011100100110010001101111011011000110100101100011
01100100011101010111000001100001
0110010001110101011100000110100101100101
0110010001110101011100001100010010000101
011001000111010101110000011000110110100101100001
0110010001110101011100000110010101100011011110100110101101100001
01100100011101010111000001111001
01100100011101010111000001100101
011010000111010101101010
0110100001110101011010100110010101101011
011010000111010101101010011011100110100101100001
01101000011101010110101001100001
01101000011101010110101001100101
0110100001110101011010100110010101101101
01101000011101010110101001110101
011010100110010101100010011000011100010010000111
0110101001100101011000100110000101100011
011010100110010101100010011000011100010110000010
0110101001100101011000100110000101101100
0110101001100101011000100110100101100101
011010100110010101100010011010011100010010000101
0110101001100101011000100110100101100001
0110101001100101011000100110000101101011
011010100110010101100010011000010110101101100001
0110101001100101011000100110000101101100
011010100110010101100010011000011100010110000010
011010100110010101100010011000010110111001111001
011010100110010101100010011000010110111001100101
01101010011001010110001001100001011011100110101101100001
01101010011001010110001001100001011011100110101101101111
011010100110010101100010011000010110111001101011011010010110010101101101
0110101001100101011000100110000101101110011110010110110101101001
011010100110010101100010011000010110111001100001
01101010011001010110001001100001011011100111100101101101
01101010011001010110001001100001011011100110010101101010
01101010011001010110001001100001011011101100010010000101
011010100110010101100010011000010110111001100001
011010100110010101100010011000010110111001101001
0110101001100101011000100110000101101110011110010110001101101000
0110101001100101011000100110000101101110011110010110110101101001
011010100110010101100010011000110110100101100101
0110101001100101011000100110100111000100100001010110001101111001
01101010011001010110001001101001011000010110001101111001
0110101001100101011000100110100111000100100001010110001101100001
01101010011001010110001001101001011000010110001101100001
01101010011001010110001001101001110001001000010101100011011001010110011101101111
011010100110010101100010011010010110000101100011011001010110011101101111
011010100110010101100010011010011100010010000101011000110110010101101010
0110101001100101011000100110100101100001011000110110010101101010
0110101001100101011000100110100101100001
011010100110010101100010011010011100010010000101
0110101001100101011000100110100101100101
011010100110010101100010011010011100010010011001
01101010011001010110001001101100011010010111011101111001
0110101001100101011000100110111011000100100001011100010010000111
011010100110010101100010011011100110000101100011
01101010011001010110001001101110110001001000010101100011
01101010011001010110001001101110011000011100010010000111
0110101001100101011000100110111011000100100001011100010110000010
011010100110010101100010011011100110000101101100
011010100110010101100010011011101100010010000101
0110101001100101011000100110111001100001
011010100110010101100010011011101100010010011001110001011000001001100001
01101010011001010110001001101110011001010110110001100001
011010100110010101100010011011100110100101100101
011010100110010101100010011011100110100101101010
0110101001100101011000100111010101110100
011010110110111101101111011100100111011101100001
011010111100001110110011011100100111011101100001
0110101101110101011100100110010101110011011101000111011101101111
0110101101110101011100100110010101110111
0110101101110101011100100110010101110111011100110110101101101001
0110101101110101011100100110010101110111011100110110101101100001
01101011011101010111001001100101011101110111001101101011011010010110010101101010
011010110111010101110010011001010111011101110011011010111100010010000101
0110101101110101011100100110010101110111011100110110101101100001
0110101101110101011100100110010101110111011100110110101101101111
011010110111010101110010011001010111011101110011011101000111011101101111
0110101101110101011100100111011101100001
011010110111010101110010011101110110000101100001
01101011011101010111001001110111011000010110110101101001
011010110111010101110010011101111100010010000101
0110101101110101011100100111011101100101
011010110111010101110010011101111100010010011001
011010110111010101110010011101110110100101100101
0110101101110101011100100111011101101001011100110110101101100001
0110101101110101011100100111011101101111
0110101101110101011100100111011101111001
01101011011101010111001001110111011000010110001101101000
01101011011101010111001001110111011000010110110101101001
0110101101110101011100100110010101110111011100110110101101101001
0110101101110101011100100111011101101001011000010111001001111010
011010110111010101110010011101110110100111000100100001010110001101111001
01101011011101010111001001110111011010010110001101100001
01101011011101010111001001110111011010011100010010000111
011010110111010101110010011101110110100101100011
0110101101110101011100100111011101101001011001000110111111000101100000100110010101101011
011010110111010101110010011101110110100101101011
01101011011101010111001001110111011010010110101101101001
01101011011101010111001001110111011010010111001101111010011000110111101001100101
011010110111010101110010011101110110100101110011011110100110111101101110
01101011011101010111001001110111011010010111001101111010011011110110111001100001
0110101101110101011100100111011101101001011100110111101001101111011011100110010101101101
01101011011101010111001001110111011010010111001101111010011011110110111001111001
0110101101110101011101000110000101110011
011010110111010101110100011000010111001101100001
01101011011101010111010001100001011100110110100101100101
01101011011101010111010001100001011100110110010101101101
011010110111010101110100011000010111001101111001
0110101101110101011101000110000101110011110000111011001101110111
01101011011101010111010001100001011100110110111101110111
0110101101110101011101000110000101110011011000010110001101101000
0110101101110101011101000110000101110011011000010110110101101001
01101101011000010111010001101011011011110110101001100101011000100110001101100001
01101101011000010111010001101011011011110110101001100101011000100110001101111001
0110110101100001011101000110101101101111011010100110010101100010011000111100010010000101
01101101011000010111010001101011011011110110101001100101011000100110001101100001
011011010110000101110100011010110110111101101010011001010110001001100011011000010110110101101001
011011010110000101110100011010110110111101101010011001010110001001100011011000010110001101101000
01101110011000010110001001100001011100101100010110000010011011111100010110111100011110011100010010000111
0110111001100001011010100110010101100010011000011100010010000111
01101110011000010110101001100101011000100110000101100011
0110111001100001011010100110010101100010011000011100010110000010
01101110011000010110101001100101011000100110000101101100
011011100110000101101010011001010110001001100001110001011000001001100001
0110111001100001011010100110010101100010011000010110110001100001
0110111001100001011010100110010101100010011000010110111001100101
0110111001100001011010100110010101100010011000010110111001111001
011011100110000101101010011001010110001001100001011011101100010010000101
0110111001100001011010100110010101100010011000010110111001100001
01101110011000010110101001100101011000100110100101100101
0110111001100001011010100110010101100010011010011100010010000101
01101110011000010110101001100101011000100110100101100001
01101110011000010110111101110000011010010110010101110010011001000110000101101100011000011100010010000111
011011100110000101101111011100000110100101100101011100100110010001100001011011000110000101100011
01101110011000010110111101110000011010010110010101110010011001000110000101101100011000011100010110000010
011011100110000101101111011100000110100101100101011100100110010001100001011011000110000101101100
0110111001100001011011110111000001101001011001010111001001100100011000010110110001100001110001011000001001100001
01101110011000010110111101110000011010010110010101110010011001000110000101101100011000010110110001100001
0110111001100001011011110111000001101001011001010111001001100100011000010110110001100001110001011000001001100001
011011100110000101110000011010010110010101110010011001000110000101101100011000011100010010000111
0110111001100001011100000110100101100101011100100110010001100001011011000110000101100011
011011100110000101110000011010010110010101110010011001000110000101101100011000010110101011000100100001010110001101111001
0110111001100001011100000110100101100101011100100110010001100001011011000110000101101010011000010110001101111001
011011100110000101110000011010010110010101110010011001000110111101101100011010011100010010000111
0110111001100001011100000110100101100101011100100110010001101111011011000110100101100011
01101110011000010111011101110000011010010110010101110010011001000110000101101100011000011100010010000111
011011100110000101110111011100000110100101100101011100100110010001100001011011000110000101100011
01101110011000010111011101110000011010010110010101110010011001000110000101101100011000011100010110000010
011011100110000101110111011100000110100101100101011100100110010001100001011011000110000101101100
0110111001100001011101110111000001101001011001010111001001100100011000010110110001100001110001011000001001100001
01101110011000010111011101110000011010010110010101110010011001000110000101101100011000010110110001100001
011011110110001001110011011100100111100101110111011000011100010010000111
0110111101100010011100110111001001111001011101110110000101100011
011011110110001001110011011100100111100101110111011000010110101011000100100001010110001101111001
0110111101100010011100110111001001111001011101110110000101101010011000010110001101111001
0110111101100100011100000110100101100101011100000111001001111010011000011100010010000111
01101111011001000111000001101001011001010111000001110010011110100110000101100011
011011110110010001110000011010010110010101110000011100100111101001111001
0110111101100100011100000110100101100101011100000111001001111010011110011100010110000010
01101111011001000111000001101001011001010111000001110010011110100111100101101100
011011110110010001110000011010010110010101110000011100100111101001111001110001011000001001100001
0110111101100100011100000110100101100101011100000111001001111010011110010110110001100001
011011110110010001110000011010010110010101110010011001000110000101101100011000011100010010000111
0110111101100100011100000110100101100101011100100110010001100001011011000110000101100011
011011110110010001110000011010010110010101110010011001000110111101101100
011011110110010001110000011010010110010101110010011001000110111101101100011010011100010110000010
0110111101100100011100000110100101100101011100100110010001101111011011000110100101101100
01101111011001000111000001101001011001010111001001100100011011110110110001101001110001011000001001100001
011011110110010001110000011010010110010101110010011001000110111101101100011010010110110001100001
01101111011001000111000001101001011001010111001001100100011011110110110001101001
011011110110010001110000011010010110010101110010011001000110000101101100011000010110101011000100100001010110001101111001
0110111101100100011100000110100101100101011100100110010001100001011011000110000101101010011000010110001101111001
011011110110010001110000011010010110010101110010011001000110000101101100011000010110101011000100100001010110001101100001
0110111101100100011100000110100101100101011100100110010001100001011011000110000101101010011000010110001101100001
011011110110010001110000011010010110010101110010011001000110111101101100011010011100010010000111
0110111101100100011100000110100101100101011100100110010001101111011011000110100101100011
01101111011001000111000001101001011001010111001001100100011011110110110001101001
011011110110010001110000011010010110010101110010011001000110111101101100011010011100010110000010
01101111011100000110100101100101011100000111001001111010011000010110101011000100100001010110001101111001
0110111101110000011010010110010101110010011001000110000101101100011000011100010010000111
01101111011100000110100101100101011100100110010001100001011011000110000101100011
011011110111000001101001011001010111001001100100011000010110110001100001
0110111101110000011010010110010101110010011001000110000101101100011000010110101011000100100001010110001101111001
01101111011100000110100101100101011100100110010001100001011011000110000101101010011000010110001101111001
0110111101110000011010010110010101110010011001000110111101101100
0110111101110000011010010110010101110010011001000110111101101100011010011100010010000111
01101111011100000110100101100101011100100110010001101111011011000110100101100011
011011110111000001101001011001010111001001100100011011110110110001101001
01101111011100000110100101100101011100100110010001101111011011001100010010000101
011011110111000001101001011001010111001001100100011011110110110001100001
011100000110100101100011011110100110101101100001
011100000110100101100101011100000111001001111010011011100110100111000100100110010111010001111001
0111000001101001011001010111000001110010011110100110111001101001011001010111010001111001
011100000110100101100101011100000111001001111010011011110110111001111001
01110000011010010110010101110010011001000110010101101100
01110000011010010110010101110010011001000110110001110101
011100000110100101100101011100100110010001101111011011001100010010000101
0111000001101001011001010111001001100100011011110110110001100001
0111000001101001011001010111001001100100011011110110110011000100100001010110001101111001
01110000011010010110010101110010011001000110111101101100011000010110001101111001
0111000001101001011001010111001001100100011011110110110011000100100001010110001101100001
01110000011010010110010101110010011001000110111101101100011000010110001101100001
01110000011010010110010101110010011001000110111101101100
0111000001101001011001010111001001100100011011110110110001100101
0111000001101001011001010111001001100100011011110110110001100101011011100110100101100101
011100000110100101100101011100100110010001101111011011000110010101101110011010010110010101101101
0111000001101001011001010111001001100100011011110110110001100101011011100110100101110101
011100000110100101100101011100100110010001101111011011001100010010011001
011100000110100101100101011100100110010001101111011011000110010101100011
0111000001101001011001010111001001100100011011110110110001100001
011100000110100101100101011100100110010001101111011011001100010010000101
01110000011010010110010101110010011001000110111101101100011010011100010010000111
0111000001101001011001010111001001100100011011110110110001101001011000110110100101100101
011100000110100101100101011100100110010001101111011011000110100101100011
01110000011010010110010101110010011001000110111101101100011010011100010110000010
011100000110100101100101011100100110010001101111011011000110100101101100
0111000001101001011001010111001001100100011011110110110001101001110001011000001001100001
01110000011010010110010101110010011001000110111101101100011010010110110001100001
0111000001101001011001010111001001100100011011110110110001101001
01110000011010010110010101110010011001000110111101101100011011100110100111000100100110010111010001111001
011100000110100101100101011100100110010001101111011011000110111001101001011001010111010001111001
01110000011010010110010101110010011001000110111101101100011010010111001101111010
011100000110100101100101011100100110010001101111011011000110111011000100100001011100010010000111
01110000011010010110010101110010011001000110111101101100011011100110000101100011
011100000110100101100101011100100110010001101111011011000110111011000100100001011100010110000010
01110000011010010110010101110010011001000110111101101100011011100110000101101100
01110000011010010110010101110010011001000110111101101100011011101100010010011001110001011000001001100001
0111000001101001011001010111001001100100011011110110110001101110011001010110110001100001
01110000011010010110010101110010011001000110111101101100011011100110100101100101
01110000011010010110010101110010011001000110111101101100011011100110100111000100100110010111010001111001
01110000011010010110010101110010011001000110111101101100011011100110100101101010
01110000011010010110010101110010011001000110111101101100011011100110100101101011
01110000011010010110010101110010011001000110111101101100011011110110111001100001
01110000011010010110010101110010011001000110111101101100011011110110111001100101
01110000011010010110010101110010011001000110111101101100011011110110111001111001
01110000011010010110010101110010011001000110111111000101100000100110101101101001
01110000011010010110010101110010011001000111101011000100100001010110001101111001
01110000011010010110010101110010011001000111101001101001011001011100010010000111
011100000110100101100101011100100110010001111010011010010110010101100011
0111000001101001011110100110010001100001
011100000110100101111010011001001100010010000101
0111000001101001011110100110010001100101
011100000110100101111010011001001100010010011001
0111000001101001110001011011101001100100011110100110100101100101
01110000011010010111101001100100011110100110100101100101
011100000110100101111010011001000110111011000100100001011100010010000111
01110000011010010111101001100100011011100110000101100011
0111000001101001011110100110010001110101
01110000011011110110010001110000011010010110010101110010011001000110000101101100011000011100010010000111
011100000110111101100100011100000110100101100101011100100110010001100001011011000110000101100011
0111000001101111011001000111000001101001011001010111001001100100011000010110110001100001
01110000011011110110010001110000011010010110010101110010011001000110000101101100011000010110101011000100100001010110001101111001
011100000110111101100100011100000110100101100101011100100110010001100001011011000110000101101010011000010110001101111001
01110000011011110110010001110000011010010110010101110010011001000110111101101100011010011100010010000111
011100000110111101100100011100000110100101100101011100100110010001101111011011000110100101100011
0111000001101111011001000111000001101001011001010111001001100100011011110110110001101001
0111000001101111011010100110010101100010
011100000110111101101010011001010110001001100001
0111000001101111011010100110010101100010011000010110110101101001
0111000001101111011010100110010101100010011000010110111001101001
01110000011011110110101001100101011000100110000101101110011001010110011101101111
01110000011011110110101001100101011000100110000101101110011001010110110101110101
0111000001101111011010100110010101100010011000010110111001101001
0111000001101111011010100110010101100010011000010110111001111001
01110000011011110110101001100101011000100110000101101110011110010110001101101000
011100000110111101101010011001010110001001100001011011100111100101101101
01110000011011110110101001100101011000100110000101101110011110010110110101101001
01110000011011110110101001100101011000100110010101101101
0111000001101111011010100110010101100010011000011100010010000111
01110000011011110110101001100101011000100110000101100011
0111000001101111011010100110010101100010011000010110110001101111
01110000011011110111000001101001011001010111001001100100011000010110110001100001
0111000001101111011100000110100101100101011100100110010001100001011011000110000101100011
011100000110111101110000011010010110010101110010011001000110000101101100011000011100010010000111
011100000110111101110000011010010110010101110010011001000110111101101100011010011100010010000111
0111000001101111011100000110100101100101011100100110010001101111011011000110100101100011
01110000011011110111000001101001011001010111001001100100011011110110110001101001
0111000001101111011100000110100101100101011100100110010001101111011011000110111101101110011001010110011101101111
0111000001101111011100000110100101100101011100100110010001101111011011000110111101101110011001010110110101110101
01110000011011110111000001101001011001010111001001100100011011110110110001101111011011100111100101101101
011100000110111101110000011010010110010101110010011001000110111101101100011011110110111001100101
011100000110111101110000011010010110010101110010011001000110111101101100011001010110111001101001
011100000110111101110000011010010110010101110010011001000110111101101100011011110110111001111001
011100000110111101110010011011110111101001110000011010010110010101110010011001000110000101101100011000011100010010000111
01110000011011110111001001101111011110100111000001101001011001010111001001100100011000010110110001100001
0111000001101111011100100110111101111010011100000110100101100101011100100110010001100001011011000110000101100011
0111000001101111011100100111010101100011011010000110000101100011
011100000110111101110010011101010110001101101000011000011100010010000111
01110000011100100111101001100101011010100110010101100010011000011100010010000111
01110000011100100111101001100101011010100110010101100010011000010110111001100101
011100000111001001111010011001010110101001100101011000100110000101100011
01110000011100100111101001111001011010100110010101100010011000010110110001101001
0111000001110010011110100110010101110000011010010110010101110010011001000110000101101100011000011100010010000111
01110000011100100111101001100101011100000110100101100101011100100110010001100001011011000110000101100011
011100000111001001111010011001010111000001101001011001010111001001100100011000010110110001100001
0111000001110010011110100110010101110000011010010110010101110010011001000110000101101100011000010110101011000100100001010110001101111001
01110000011100100111101001100101011100000110100101100101011100100110010001100001011011000110000101101010011000010110001101111001
0111000001110010011110100110010101110000011010010110010101110010011001000110000101101100011000010110101011000100100001010110001101100001
01110000011100100111101001100101011100000110100101100101011100100110010001100001011011000110000101101010011000010110001101100001
0111000001110010011110100110010101110000011010010110010101110010011001000110111101101100011010011100010010000111
01110000011100100111101001100101011100000110100101100101011100100110010001101111011011000110100101100011
01110000011100100111101001111001011010100110010101100010011000011100010010000111
011100000111001001111010011110010110101001100101011000100110000101100011
011100000111001001111010011110010110101001100101011000100110100101100101
0111000001110010011110100111100101101010011001010110001001100001110001011000001001100001
01110000011100100111101001111001011010100110010101100010011000010110110001100001
01110000011100100111101001111001011010100110010101100010011000011100010110000010
011100000111001001111010011110010110101001100101011000100110000101101100
01110000011100100111101001111001011100000110100101100101011100000111001001111010011000011100010010000111
011100000111001001111010011110010111000001101001011001010111000001110010011110100110000101100011
01110000011100100111101001111001011100000110100101100101011100000111001001111010011000010110101011000100100001010110001101111001
011100000111001001111010011110010111000001101001011001010111000001110010011110100110000101101010011000010110001101111001
01110000011100100111101001111001011100000110100101100101011100000111001001111010011000010110101011000100100001010110001101100001
011100000111001001111010011110010111000001101001011001010111000001110010011110100110000101101010011000010110001101100001
0111000001110010011110100111100101110000011010010110010101110010011001000110000101101100011000011100010010000111
01110000011100100111101001111001011100000110100101100101011100100110010001100001011011000110000101100011
011100000111001001111010011110010111000001101001011001010111001001100100011000010110110001100001
011100000111001001111010011110010111000001101001011001010111001001100100011011110110110001101001
0111000001110010011110100111100101110000011010010110010101110010011001000110000101101100011000010110101011000100100001010110001101111001
01110000011100100111101001111001011100000110100101100101011100100110010001100001011011000110000101101010011000010110001101111001
0111000001110010011110100111100101110000011010010110010101110010011001000110111101101100011010011100010010000111
01110000011100100111101001111001011100000110100101100101011100100110010001101111011011000110100101100011
01110001011100100111011101100001
011100100110111101111010011010100110010101100010011000011100010010000111
0111001001101111011110100110101001100101011000100110000101100011
0111001001101111011110100110101001100101011000100110100101100101
01110010011011110111101001101010011001010110001001100001110001011000001001100001
011100100110111101111010011010100110010101100010011010011100010010000101
01110010011011110111101001110000011010010110010101110010011001000110000101101100011000011100010010000111
011100100110111101111010011100000110100101100101011100100110010001100001011011000110000101100011
0111001001101111011110100111000001101001011001010111001001100100011000010110110001100001
01110010011011110111101001110000011010010110010101110010011001000110111101101100011010011100010010000111
011100100110111101111010011100000110100101100101011100100110010001101111011011000110100101100011
0111001001101111011110100111000001101001011001010111001001100100011011110110110001100101
0111001001101111011110100111000001101001011001010111001001100100011011110110110001101001
011100100110111101111010011100000110100101100101011100100110010001110101011000110110100001100001
0111001101101011011101010111001001110111011010011100010010000111
0111001101101011011101010111001001110111011010010110010101101100
011100110110101101110101011100100111011101101001011001010110110001100001
01110011011010110111010101110010011101110110100101100101011011000110010101101101
011100110110101101110101011100100111011101101001011001010110110001110101
011100110110101101110101011100100111011101111001011100110111100101101110
011100110110101101110101011100100111011101111001011100110111100101101110110000111011001101110111
0111001101101011011101010111001001110111011110010111001101111001011011100110111101110111
01110011011010110111010101110010011101110111100101110011011110010110111001100001
0111001101101011011101010111001001110111011110010111001101111001011011100110010101101101
01110011011010110111010101110010011101110111100101110011011110010110111001110101
01110011011010110111010101110010011101110111100101110011011110010110111001111001
01110011011010110111010101110010011101110111100101110011011110011100010110000100011100110110101101101001
011100110110101101110101011100100111011101111001011100110111100101101110011100110110101101101001
0111001101101011011101010111001001110111011110010111001101111001110001011000010001110011011101000111011101101111
01110011011010110111010101110010011101110111100101110011011110010110111001110011011101000111011101101111
01110011011100000110100101100101011100000111001001111010011000011100010010000111
011100110111000001101001011001010111000001110010011110100110000101100011
0111001101110000011010010110010101110000011100100111101001100001
011100110111000001101001011001010111000001110010011110100110000101101010
011100110111000001101001011001010111000001110010011110100110000101101010011000110110100101100101
0111001101110000011010010110010101110000011100100111101001100001011010101100010010000101
01110011011100000110100101100101011100000111001001111010011000010110101001100001
01110011011100000110100101100101011100000111001001111010011000010110101011000100100001010110001101111001
011100110111000001101001011001010111000001110010011110100110000101101010011000010110001101111001
01110011011100000110100101100101011100000111001001111010011000010110101011000100100001010110001101100001
011100110111000001101001011001010111000001110010011110100110000101101010011000010110001101100001
0111001101110000011010010110010101110010011001000110000101101100011000011100010010000111
01110011011100000110100101100101011100100110010001100001011011000110000101100011
011100110111000001101001011001010111001001100100011000010110110001100001
0111001101110000011010010110010101110010011001000110000101101100011000011100010110000010
011100110111000001101001011001010111001001100100011000010110110001100001110001011000001001100001
01110011011100000110100101100101011100100110010001100001011011000110000101101100
01110011011100000110100101100101011100100110010001100001011011000110000101101100011000110110100101100101
0111001101110000011010010110010101110010011001000110000101101100011000010110110001100001
0111001101110000011010010110010101110010011001000110000101101100011000010110101011000100100001010110001101111001
01110011011100000110100101100101011100100110010001100001011011000110000101101010011000010110001101111001
0111001101110000011010010110010101110010011001000110111101101100011010011100010010000111
01110011011100000110100101100101011100100110010001101111011011000110100101100011
011100110111000001101001011001010111001001100100011011110110110001101001
011100110111000001101001011001010111001001100100011011110110110001101001110001011000001001100001
011100110111000001101001011001010111001001100100011011110110110001101001110001011000001001101111
01110011011100000110100101100101011100100110010001101111011011001100010010000101
011100110111000001101001011001010111001001100100011011110110110001100001
01110011011100100110000111000100100001